[N
82
70
8 clocken0
71
8 clocken1
72
8 clocken2
73
8 clocken3
61
22 power_up_uninitialized
4
9 IMM_WIDTH
19
13 outdata_reg_a
35
13 outdata_reg_b
69
6 rden_a
68
6 rden_b
8
10 ADDR_WIDTH
58
16 init_file_layout
82
8 dlxfetch
23
16 wrcontrol_aclr_a
42
16 wrcontrol_aclr_b
65
8 lpm_type
78
6 twomux
3
8 behavior
25
15 width_byteena_a
45
15 width_byteena_b
34
13 address_reg_b
7
3 rtl
79
5 WIDTH
15
10 translated
47
21 clock_enable_output_b
22
13 indata_aclr_a
41
13 indata_aclr_b
67
6 wren_a
66
6 wren_b
27
21 clock_enable_output_a
21
14 outdata_aclr_a
36
14 outdata_aclr_b
2
12 signextender
64
8 lpm_hint
54
9 byte_size
28
19 clock_enable_core_a
48
19 clock_enable_core_b
52
26 ecc_pipeline_stage_enabled
24
14 byteena_aclr_a
44
14 byteena_aclr_b
33
15 rdcontrol_reg_b
59
13 maximum_depth
37
16 rdcontrol_aclr_b
1
75 /home/ash/USU/Spring2026/ECE6740/Projects/Decode/simulation/questa/rtl_work
57
9 init_file
38
12 indata_reg_b
60
22 intended_device_family
11
9 INS_WIDTH
51
15 width_eccstatus
13
56 /home/ash/intelFPGA_Lite/questa_fse/intel/vhdl/altera_mf
5
10 DATA_WIDTH
40
13 byteena_reg_b
81
14 programcounter
16
7 width_a
30
7 width_b
62
16 implement_in_les
56
14 ram_block_type
74
5 aclr0
75
5 aclr1
26
20 clock_enable_input_a
46
20 clock_enable_input_b
50
10 enable_ecc
10
9 dlxdecode
32
10 numwords_b
29
29 read_during_write_mode_port_a
49
29 read_during_write_mode_port_b
17
9 widthad_a
31
9 widthad_b
18
10 numwords_a
53
14 operation_mode
6
12 registerfile
9
7 NUM_REG
63
37 sim_show_memory_data_in_port_b_layout
55
34 read_during_write_mode_mixed_ports
20
14 address_aclr_a
43
14 address_aclr_b
14
10 altsyncram
76
14 addressstall_a
77
14 addressstall_b
39
25 wrcontrol_wraddress_reg_b
12
14 REG_ADDR_WIDTH
80
11 incrementer
]
[G
1
6
7
1
9
0
0
32
0
0 0
0
0
]
[G
13
14
15
1
23
1
0
0
0
4 0
78
79
78
69
1
1
1 4 1 1
]
[G
13
14
15
1
42
1
0
0
0
4 0
78
79
78
69
1
1
1 4 1 1
]
[G
1
2
3
1
4
1
0
16
0
0 0
0
0
]
[G
13
14
15
1
65
0
0
0
0
10 0
97
108
116
115
121
110
99
114
97
109
1
1
1 10 1 1
]
[G
1
10
3
1
11
1
0
32
0
0 0
0
0
]
[G
1
10
3
1
12
1
0
5
0
0 0
0
0
]
[G
13
14
15
1
25
1
0
1
0
0 0
0
0
]
[G
13
14
15
1
45
1
0
1
0
0 0
0
0
]
[G
13
14
15
1
34
1
0
0
0
6 0
67
76
79
67
75
49
1
1
1 6 1 1
]
[G
1
80
3
1
79
1
0
10
0
0 0
0
0
]
[G
13
14
15
1
27
1
0
0
0
6 0
66
89
80
65
83
83
1
1
1 6 1 1
]
[G
13
14
15
1
47
1
0
0
0
6 0
78
79
82
77
65
76
1
1
1 6 1 1
]
[G
13
14
15
1
22
1
0
0
0
4 0
78
79
78
69
1
1
1 4 1 1
]
[G
13
14
15
1
41
1
0
0
0
4 0
78
79
78
69
1
1
1 4 1 1
]
[G
1
2
3
1
5
1
0
32
0
0 0
0
0
]
[G
13
14
15
1
21
1
0
0
0
4 0
78
79
78
69
1
1
1 4 1 1
]
[G
13
14
15
1
36
1
0
0
0
4 0
78
79
78
69
1
1
1 4 1 1
]
[G
13
14
15
1
64
0
0
0
0
21 0
69
78
65
66
76
69
95
82
85
78
84
73
77
69
95
77
79
68
61
78
79
1
1
1 21 1 1
]
[G
13
14
15
1
54
0
0
0
0
0 0
0
0
]
[G
1
10
3
1
8
1
0
10
0
0 0
0
0
]
[G
13
14
15
1
28
1
0
0
0
15 0
85
83
69
95
73
78
80
85
84
95
67
76
75
69
78
1
1
1 15 1 1
]
[G
13
14
15
1
48
1
0
0
0
15 0
85
83
69
95
73
78
80
85
84
95
67
76
75
69
78
1
1
1 15 1 1
]
[G
13
14
15
1
52
1
0
0
0
5 0
70
65
76
83
69
1
1
1 5 1 1
]
[G
13
14
15
1
24
1
0
0
0
4 0
78
79
78
69
1
1
1 4 1 1
]
[G
13
14
15
1
44
1
0
0
0
4 0
78
79
78
69
1
1
1 4 1 1
]
[G
13
14
15
1
33
0
0
0
0
6 0
67
76
79
67
75
49
1
1
1 6 1 1
]
[G
13
14
15
1
59
0
0
0
0
0 0
0
0
]
[G
1
6
7
1
8
1
0
5
0
0 0
0
0
]
[G
13
14
15
1
57
0
0
0
0
87 0
47
104
111
109
101
47
97
115
104
47
85
83
85
47
83
112
114
105
110
103
50
48
50
54
47
69
67
69
54
55
52
48
47
80
114
111
106
101
99
116
115
47
68
76
88
95
65
115
115
101
109
98
108
101
114
47
97
115
115
101
109
98
108
121
47
102
97
99
116
111
114
105
97
108
95
105
110
115
116
114
117
99
116
46
109
105
102
1
1
1 87 1 1
]
[G
13
14
15
1
37
1
0
0
0
4 0
78
79
78
69
1
1
1 4 1 1
]
[G
1
78
3
1
79
1
0
10
0
0 0
0
0
]
[G
13
14
15
1
38
0
0
0
0
6 0
67
76
79
67
75
49
1
1
1 6 1 1
]
[G
1
82
3
1
11
1
0
32
0
0 0
0
0
]
[G
13
14
15
1
60
1
0
0
0
6 0
77
65
88
32
49
48
1
1
1 6 1 1
]
[G
13
14
15
1
51
1
0
3
0
0 0
0
0
]
[G
13
14
15
1
40
0
0
0
0
6 0
67
76
79
67
75
49
1
1
1 6 1 1
]
[G
13
14
15
1
16
1
0
32
0
0 0
0
0
]
[G
13
14
15
1
30
1
0
1
0
0 0
0
0
]
[G
13
14
15
1
62
0
0
0
0
3 0
79
70
70
1
1
1 3 1 1
]
[G
13
14
15
1
56
1
0
0
0
4 0
65
85
84
79
1
1
1 4 1 1
]
[G
1
82
3
1
8
1
0
10
0
0 0
0
0
]
[G
13
14
15
1
26
1
0
0
0
6 0
66
89
80
65
83
83
1
1
1 6 1 1
]
[G
13
14
15
1
46
1
0
0
0
6 0
78
79
82
77
65
76
1
1
1 6 1 1
]
[G
1
10
3
1
5
1
0
32
0
0 0
0
0
]
[G
13
14
15
1
50
0
0
0
0
5 0
70
65
76
83
69
1
1
1 5 1 1
]
[G
13
14
15
1
18
0
0
1024
0
0 0
0
0
]
[G
13
14
15
1
32
0
0
0
0
0 0
0
0
]
[G
13
14
15
1
29
0
0
0
0
20 0
78
69
87
95
68
65
84
65
95
78
79
95
78
66
69
95
82
69
65
68
1
1
1 20 1 1
]
[G
13
14
15
1
49
0
0
0
0
20 0
78
69
87
95
68
65
84
65
95
78
79
95
78
66
69
95
82
69
65
68
1
1
1 20 1 1
]
[G
13
14
15
1
17
1
0
10
0
0 0
0
0
]
[G
13
14
15
1
31
1
0
1
0
0 0
0
0
]
[G
1
6
7
1
5
1
0
32
0
0 0
0
0
]
[G
13
14
15
1
53
1
0
0
0
3 0
82
79
77
1
1
1 3 1 1
]
[G
13
14
15
1
55
1
0
0
0
9 0
68
79
78
84
95
67
65
82
69
1
1
1 9 1 1
]
[G
13
14
15
1
20
1
0
0
0
4 0
78
79
78
69
1
1
1 4 1 1
]
[G
13
14
15
1
43
1
0
0
0
4 0
78
79
78
69
1
1
1 4 1 1
]
[G
13
14
15
1
63
0
0
0
0
3 0
79
70
70
1
1
1 3 1 1
]
[G
13
14
15
1
39
0
0
0
0
6 0
67
76
79
67
75
49
1
1
1 6 1 1
]
[G
1
81
7
1
79
1
0
10
0
0 0
0
0
]
[G
13
14
15
1
61
0
0
0
0
5 0
70
65
76
83
69
1
1
1 5 1 1
]
[G
13
14
15
1
19
1
0
0
0
12 0
85
78
82
69
71
73
83
84
69
82
69
68
1
1
1 12 1 1
]
[G
13
14
15
1
35
1
0
0
0
12 0
85
78
82
69
71
73
83
84
69
82
69
68
1
1
1 12 1 1
]
[G
13
14
15
1
58
0
0
0
0
6 0
85
78
85
83
69
68
1
1
1 6 1 1
]
[P
13
14
15
76
67
1
0
0
]
[P
13
14
15
77
67
1
0
0
]
[P
13
14
15
70
69
1
0
0
]
[P
13
14
15
71
69
1
0
0
]
[P
13
14
15
72
69
1
0
0
]
[P
13
14
15
73
69
1
0
0
]
[P
13
14
15
68
69
1
0
0
]
[P
13
14
15
66
67
1
0
0
]
[P
13
14
15
74
67
1
0
0
]
[P
13
14
15
75
67
1
0
0
]
