[N
88
64
8 clocken0
65
8 clocken1
66
8 clocken2
67
8 clocken3
57
22 power_up_uninitialized
80
9 IMM_WIDTH
15
13 outdata_reg_a
31
13 outdata_reg_b
63
6 rden_a
62
6 rden_b
6
10 ADDR_WIDTH
54
16 init_file_layout
88
8 dlxfetch
19
16 wrcontrol_aclr_a
38
16 wrcontrol_aclr_b
61
8 lpm_type
76
6 twomux
3
8 behavior
21
15 width_byteena_a
41
15 width_byteena_b
30
13 address_reg_b
82
3 rtl
77
5 WIDTH
11
10 translated
43
21 clock_enable_output_b
18
13 indata_aclr_a
37
13 indata_aclr_b
73
9 dlxmemory
85
6 wren_a
69
6 wren_b
23
21 clock_enable_output_a
17
14 outdata_aclr_a
32
14 outdata_aclr_b
79
12 signextender
60
8 lpm_hint
50
9 byte_size
24
19 clock_enable_core_a
44
19 clock_enable_core_b
48
26 ecc_pipeline_stage_enabled
20
14 byteena_aclr_a
40
14 byteena_aclr_b
29
15 rdcontrol_reg_b
55
13 maximum_depth
33
16 rdcontrol_aclr_b
53
9 init_file
34
12 indata_reg_b
56
22 intended_device_family
7
9 INS_WIDTH
47
15 width_eccstatus
9
56 /home/ash/intelFPGA_Lite/questa_fse/intel/vhdl/altera_mf
4
10 DATA_WIDTH
2
8 threemux
87
14 programcounter
36
13 byteena_reg_b
12
7 width_a
26
7 width_b
58
16 implement_in_les
52
14 ram_block_type
68
5 aclr0
70
5 aclr1
22
20 clock_enable_input_a
5
12 dlxwriteback
46
10 enable_ecc
42
20 clock_enable_input_b
14
10 numwords_a
28
10 numwords_b
25
29 read_during_write_mode_port_a
45
29 read_during_write_mode_port_b
13
9 widthad_a
27
9 widthad_b
84
9 dlxdecode
49
14 operation_mode
81
12 registerfile
78
10 dlxexecute
83
7 NUM_REG
75
12 shouldbranch
74
3 alu
59
37 sim_show_memory_data_in_port_b_layout
51
34 read_during_write_mode_mixed_ports
16
14 address_aclr_a
39
14 address_aclr_b
10
10 altsyncram
71
14 addressstall_a
72
14 addressstall_b
35
25 wrcontrol_wraddress_reg_b
8
14 REG_ADDR_WIDTH
1
76 /home/ash/USU/Spring2026/ECE6740/Projects/FullDlx/simulation/questa/rtl_work
86
11 incrementer
]
[G
9
10
11
1
19
1
0
0
0
4 0
78
79
78
69
1
1
1 4 1 1
]
[G
9
10
11
2
19
1
0
0
0
4 0
78
79
78
69
1
1
1 4 1 1
]
[G
9
10
11
2
38
1
0
0
0
4 0
78
79
78
69
1
1
1 4 1 1
]
[G
9
10
11
1
61
0
0
0
0
10 0
97
108
116
115
121
110
99
114
97
109
1
1
1 10 1 1
]
[G
9
10
11
2
61
0
0
0
0
10 0
97
108
116
115
121
110
99
114
97
109
1
1
1 10 1 1
]
[G
1
5
3
1
4
1
0
32
0
0 0
0
0
]
[G
9
10
11
1
38
1
0
0
0
4 0
78
79
78
69
1
1
1 4 1 1
]
[G
1
73
3
1
7
1
0
32
0
0 0
0
0
]
[G
9
10
11
1
21
1
0
1
0
0 0
0
0
]
[G
9
10
11
2
21
1
0
1
0
0 0
0
0
]
[G
9
10
11
2
41
1
0
1
0
0 0
0
0
]
[G
1
84
3
1
4
1
0
32
0
0 0
0
0
]
[G
9
10
11
1
30
1
0
0
0
6 0
67
76
79
67
75
49
1
1
1 6 1 1
]
[G
9
10
11
2
30
1
0
0
0
6 0
67
76
79
67
75
49
1
1
1 6 1 1
]
[G
1
88
3
1
6
1
0
10
0
0 0
0
0
]
[G
1
78
3
1
4
1
0
32
0
0 0
0
0
]
[G
9
10
11
1
23
1
0
0
0
6 0
66
89
80
65
83
83
1
1
1 6 1 1
]
[G
9
10
11
2
23
1
0
0
0
6 0
66
89
80
65
83
83
1
1
1 6 1 1
]
[G
9
10
11
2
43
1
0
0
0
6 0
78
79
82
77
65
76
1
1
1 6 1 1
]
[G
9
10
11
2
18
1
0
0
0
4 0
78
79
78
69
1
1
1 4 1 1
]
[G
9
10
11
2
37
1
0
0
0
4 0
78
79
78
69
1
1
1 4 1 1
]
[G
9
10
11
1
17
1
0
0
0
4 0
78
79
78
69
1
1
1 4 1 1
]
[G
9
10
11
2
17
1
0
0
0
4 0
78
79
78
69
1
1
1 4 1 1
]
[G
9
10
11
2
32
1
0
0
0
4 0
78
79
78
69
1
1
1 4 1 1
]
[G
9
10
11
1
41
1
0
1
0
0 0
0
0
]
[G
1
75
3
1
4
1
0
32
0
0 0
0
0
]
[G
1
74
3
1
4
1
0
32
0
0 0
0
0
]
[G
1
81
82
1
4
1
0
32
0
0 0
0
0
]
[G
9
10
11
1
43
1
0
0
0
6 0
78
79
82
77
65
76
1
1
1 6 1 1
]
[G
9
10
11
2
60
0
0
0
0
21 0
69
78
65
66
76
69
95
82
85
78
84
73
77
69
95
77
79
68
61
78
79
1
1
1 21 1 1
]
[G
9
10
11
2
50
0
0
0
0
0 0
0
0
]
[G
9
10
11
1
60
0
0
0
0
21 0
69
78
65
66
76
69
95
82
85
78
84
73
77
69
95
77
79
68
61
78
79
1
1
1 21 1 1
]
[G
1
73
3
1
6
1
0
10
0
0 0
0
0
]
[G
9
10
11
1
37
1
0
0
0
4 0
78
79
78
69
1
1
1 4 1 1
]
[G
9
10
11
1
24
1
0
0
0
15 0
85
83
69
95
73
78
80
85
84
95
67
76
75
69
78
1
1
1 15 1 1
]
[G
9
10
11
2
24
1
0
0
0
15 0
85
83
69
95
73
78
80
85
84
95
67
76
75
69
78
1
1
1 15 1 1
]
[G
9
10
11
2
44
1
0
0
0
15 0
85
83
69
95
73
78
80
85
84
95
67
76
75
69
78
1
1
1 15 1 1
]
[G
9
10
11
1
48
1
0
0
0
5 0
70
65
76
83
69
1
1
1 5 1 1
]
[G
9
10
11
2
48
1
0
0
0
5 0
70
65
76
83
69
1
1
1 5 1 1
]
[G
9
10
11
1
20
1
0
0
0
4 0
78
79
78
69
1
1
1 4 1 1
]
[G
9
10
11
2
20
1
0
0
0
4 0
78
79
78
69
1
1
1 4 1 1
]
[G
9
10
11
2
40
1
0
0
0
4 0
78
79
78
69
1
1
1 4 1 1
]
[G
9
10
11
1
29
0
0
0
0
6 0
67
76
79
67
75
49
1
1
1 6 1 1
]
[G
9
10
11
2
29
0
0
0
0
6 0
67
76
79
67
75
49
1
1
1 6 1 1
]
[G
9
10
11
1
55
0
0
0
0
0 0
0
0
]
[G
9
10
11
2
55
0
0
0
0
0 0
0
0
]
[G
9
10
11
2
33
1
0
0
0
4 0
78
79
78
69
1
1
1 4 1 1
]
[G
9
10
11
1
40
1
0
0
0
4 0
78
79
78
69
1
1
1 4 1 1
]
[G
9
10
11
1
18
1
0
0
0
4 0
78
79
78
69
1
1
1 4 1 1
]
[G
9
10
11
1
44
1
0
0
0
15 0
85
83
69
95
73
78
80
85
84
95
67
76
75
69
78
1
1
1 15 1 1
]
[G
9
10
11
1
53
0
0
0
0
77 0
47
104
111
109
101
47
97
115
104
47
85
83
85
47
83
112
114
105
110
103
50
48
50
54
47
69
67
69
54
55
52
48
47
80
114
111
106
101
99
116
115
47
68
76
88
95
65
115
115
101
109
98
108
101
114
47
95
98
108
100
47
110
111
112
95
105
110
115
116
114
117
99
116
46
109
105
102
1
1
1 77 1 1
]
[G
9
10
11
2
53
0
0
0
0
73 0
47
104
111
109
101
47
97
115
104
47
85
83
85
47
83
112
114
105
110
103
50
48
50
54
47
69
67
69
54
55
52
48
47
80
114
111
106
101
99
116
115
47
68
76
88
95
65
115
115
101
109
98
108
101
114
47
95
98
108
100
47
110
111
112
95
100
97
116
97
46
109
105
102
1
1
1 73 1 1
]
[G
9
10
11
1
33
1
0
0
0
4 0
78
79
78
69
1
1
1 4 1 1
]
[G
9
10
11
1
32
1
0
0
0
4 0
78
79
78
69
1
1
1 4 1 1
]
[G
1
87
82
1
77
1
0
10
0
0 0
0
0
]
[G
9
10
11
1
34
0
0
0
0
6 0
67
76
79
67
75
49
1
1
1 6 1 1
]
[G
9
10
11
2
34
0
0
0
0
6 0
67
76
79
67
75
49
1
1
1 6 1 1
]
[G
9
10
11
1
50
0
0
0
0
0 0
0
0
]
[G
9
10
11
1
56
1
0
0
0
6 0
77
65
88
32
49
48
1
1
1 6 1 1
]
[G
9
10
11
2
56
1
0
0
0
6 0
77
65
88
32
49
48
1
1
1 6 1 1
]
[G
9
10
11
1
47
1
0
3
0
0 0
0
0
]
[G
9
10
11
2
47
1
0
3
0
0 0
0
0
]
[G
9
10
11
1
36
0
0
0
0
6 0
67
76
79
67
75
49
1
1
1 6 1 1
]
[G
9
10
11
2
36
0
0
0
0
6 0
67
76
79
67
75
49
1
1
1 6 1 1
]
[G
1
5
3
1
7
1
0
32
0
0 0
0
0
]
[G
1
5
3
1
8
1
0
5
0
0 0
0
0
]
[G
1
81
82
1
83
0
0
32
0
0 0
0
0
]
[G
1
79
3
1
80
1
0
16
0
0 0
0
0
]
[G
1
84
3
1
7
1
0
32
0
0 0
0
0
]
[G
1
84
3
1
8
1
0
5
0
0 0
0
0
]
[G
1
78
3
1
7
1
0
32
0
0 0
0
0
]
[G
9
10
11
2
12
1
0
32
0
0 0
0
0
]
[G
9
10
11
2
26
1
0
1
0
0 0
0
0
]
[G
9
10
11
1
58
0
0
0
0
3 0
79
70
70
1
1
1 3 1 1
]
[G
9
10
11
2
58
0
0
0
0
3 0
79
70
70
1
1
1 3 1 1
]
[G
9
10
11
1
52
1
0
0
0
4 0
65
85
84
79
1
1
1 4 1 1
]
[G
9
10
11
2
52
1
0
0
0
4 0
65
85
84
79
1
1
1 4 1 1
]
[G
1
73
3
1
4
1
0
32
0
0 0
0
0
]
[G
9
10
11
1
12
1
0
32
0
0 0
0
0
]
[G
9
10
11
2
22
1
0
0
0
6 0
66
89
80
65
83
83
1
1
1 6 1 1
]
[G
9
10
11
2
42
1
0
0
0
6 0
78
79
82
77
65
76
1
1
1 6 1 1
]
[G
9
10
11
1
46
0
0
0
0
5 0
70
65
76
83
69
1
1
1 5 1 1
]
[G
9
10
11
2
46
0
0
0
0
5 0
70
65
76
83
69
1
1
1 5 1 1
]
[G
1
79
3
1
4
1
0
32
0
0 0
0
0
]
[G
9
10
11
1
22
1
0
0
0
6 0
66
89
80
65
83
83
1
1
1 6 1 1
]
[G
9
10
11
1
26
1
0
1
0
0 0
0
0
]
[G
9
10
11
1
14
0
0
1024
0
0 0
0
0
]
[G
9
10
11
2
14
0
0
1024
0
0 0
0
0
]
[G
9
10
11
2
28
0
0
0
0
0 0
0
0
]
[G
1
5
3
1
6
1
0
10
0
0 0
0
0
]
[G
9
10
11
1
25
0
0
0
0
20 0
78
69
87
95
68
65
84
65
95
78
79
95
78
66
69
95
82
69
65
68
1
1
1 20 1 1
]
[G
9
10
11
2
25
0
0
0
0
22 0
78
69
87
95
68
65
84
65
95
87
73
84
72
95
78
66
69
95
82
69
65
68
1
1
1 22 1 1
]
[G
9
10
11
2
45
0
0
0
0
20 0
78
69
87
95
68
65
84
65
95
78
79
95
78
66
69
95
82
69
65
68
1
1
1 20 1 1
]
[G
9
10
11
1
13
1
0
10
0
0 0
0
0
]
[G
9
10
11
2
13
1
0
10
0
0 0
0
0
]
[G
9
10
11
2
27
1
0
1
0
0 0
0
0
]
[G
1
86
3
1
77
1
0
10
0
0 0
0
0
]
[G
9
10
11
1
28
0
0
0
0
0 0
0
0
]
[G
9
10
11
1
49
1
0
0
0
3 0
82
79
77
1
1
1 3 1 1
]
[G
9
10
11
2
49
1
0
0
0
11 0
83
73
78
71
76
69
95
80
79
82
84
1
1
1 11 1 1
]
[G
1
84
3
1
6
1
0
10
0
0 0
0
0
]
[G
9
10
11
1
27
1
0
1
0
0 0
0
0
]
[G
1
78
3
1
6
1
0
10
0
0 0
0
0
]
[G
9
10
11
1
59
0
0
0
0
3 0
79
70
70
1
1
1 3 1 1
]
[G
9
10
11
2
59
0
0
0
0
3 0
79
70
70
1
1
1 3 1 1
]
[G
9
10
11
2
51
1
0
0
0
9 0
68
79
78
84
95
67
65
82
69
1
1
1 9 1 1
]
[G
9
10
11
2
16
1
0
0
0
4 0
78
79
78
69
1
1
1 4 1 1
]
[G
9
10
11
2
39
1
0
0
0
4 0
78
79
78
69
1
1
1 4 1 1
]
[G
9
10
11
1
45
0
0
0
0
20 0
78
69
87
95
68
65
84
65
95
78
79
95
78
66
69
95
82
69
65
68
1
1
1 20 1 1
]
[G
9
10
11
1
42
1
0
0
0
6 0
78
79
82
77
65
76
1
1
1 6 1 1
]
[G
9
10
11
1
51
1
0
0
0
9 0
68
79
78
84
95
67
65
82
69
1
1
1 9 1 1
]
[G
9
10
11
1
16
1
0
0
0
4 0
78
79
78
69
1
1
1 4 1 1
]
[G
9
10
11
1
39
1
0
0
0
4 0
78
79
78
69
1
1
1 4 1 1
]
[G
9
10
11
1
35
0
0
0
0
6 0
67
76
79
67
75
49
1
1
1 6 1 1
]
[G
9
10
11
2
35
0
0
0
0
6 0
67
76
79
67
75
49
1
1
1 6 1 1
]
[G
1
81
82
1
6
1
0
5
0
0 0
0
0
]
[G
9
10
11
1
57
0
0
0
0
5 0
70
65
76
83
69
1
1
1 5 1 1
]
[G
9
10
11
2
57
0
0
0
0
5 0
70
65
76
83
69
1
1
1 5 1 1
]
[G
9
10
11
1
15
1
0
0
0
12 0
85
78
82
69
71
73
83
84
69
82
69
68
1
1
1 12 1 1
]
[G
9
10
11
2
15
1
0
0
0
12 0
85
78
82
69
71
73
83
84
69
82
69
68
1
1
1 12 1 1
]
[G
9
10
11
2
31
1
0
0
0
12 0
85
78
82
69
71
73
83
84
69
82
69
68
1
1
1 12 1 1
]
[G
1
88
3
1
7
1
0
32
0
0 0
0
0
]
[G
1
2
3
1
4
1
0
32
0
0 0
0
0
]
[G
1
76
3
1
77
1
0
10
0
0 0
0
0
]
[G
1
76
3
2
77
1
0
32
0
0 0
0
0
]
[G
9
10
11
1
54
0
0
0
0
6 0
85
78
85
83
69
68
1
1
1 6 1 1
]
[G
9
10
11
2
54
0
0
0
0
6 0
85
78
85
83
69
68
1
1
1 6 1 1
]
[G
9
10
11
1
31
1
0
0
0
12 0
85
78
82
69
71
73
83
84
69
82
69
68
1
1
1 12 1 1
]
[P
9
10
11
71
85
1
0
0
]
[P
9
10
11
71
69
2
0
0
]
[P
9
10
11
72
69
2
0
0
]
[P
9
10
11
72
85
1
0
0
]
[P
9
10
11
64
63
1
0
0
]
[P
9
10
11
64
63
2
0
0
]
[P
9
10
11
65
63
2
0
0
]
[P
9
10
11
66
63
2
0
0
]
[P
9
10
11
67
63
2
0
0
]
[P
9
10
11
65
63
1
0
0
]
[P
9
10
11
66
63
1
0
0
]
[P
9
10
11
67
63
1
0
0
]
[P
9
10
11
62
63
1
0
0
]
[P
9
10
11
62
63
2
0
0
]
[P
9
10
11
69
85
1
0
0
]
[P
9
10
11
68
85
1
0
0
]
[P
9
10
11
68
69
2
0
0
]
[P
9
10
11
70
69
2
0
0
]
[P
9
10
11
70
85
1
0
0
]
