[N
85
75
8 clocken0
76
8 clocken1
77
8 clocken2
78
8 clocken3
66
22 power_up_uninitialized
12
9 IMM_WIDTH
24
13 outdata_reg_a
40
13 outdata_reg_b
74
6 rden_a
73
6 rden_b
10
10 ADDR_WIDTH
63
16 init_file_layout
85
8 dlxfetch
28
16 wrcontrol_aclr_a
47
16 wrcontrol_aclr_b
70
8 lpm_type
6
6 twomux
3
8 behavior
30
15 width_byteena_a
50
15 width_byteena_b
39
13 address_reg_b
14
3 rtl
7
5 WIDTH
20
10 translated
52
21 clock_enable_output_b
27
13 indata_aclr_a
46
13 indata_aclr_b
72
6 wren_a
71
6 wren_b
32
21 clock_enable_output_a
26
14 outdata_aclr_a
41
14 outdata_aclr_b
11
12 signextender
69
8 lpm_hint
59
9 byte_size
33
19 clock_enable_core_a
53
19 clock_enable_core_b
57
26 ecc_pipeline_stage_enabled
29
14 byteena_aclr_a
49
14 byteena_aclr_b
38
15 rdcontrol_reg_b
64
13 maximum_depth
42
16 rdcontrol_aclr_b
62
9 init_file
43
12 indata_reg_b
65
22 intended_device_family
9
9 INS_WIDTH
56
15 width_eccstatus
18
56 /home/ash/intelFPGA_Lite/questa_fse/intel/vhdl/altera_mf
4
10 DATA_WIDTH
45
13 byteena_reg_b
84
14 programcounter
21
7 width_a
35
7 width_b
67
16 implement_in_les
61
14 ram_block_type
79
5 aclr0
80
5 aclr1
31
20 clock_enable_input_a
51
20 clock_enable_input_b
55
10 enable_ecc
16
9 dlxdecode
37
10 numwords_b
8
10 dlxexecute
54
29 read_during_write_mode_port_b
22
9 widthad_a
36
9 widthad_b
23
10 numwords_a
58
14 operation_mode
13
12 registerfile
34
29 read_during_write_mode_port_a
15
7 NUM_REG
5
12 shouldbranch
2
3 alu
68
37 sim_show_memory_data_in_port_b_layout
60
34 read_during_write_mode_mixed_ports
25
14 address_aclr_a
48
14 address_aclr_b
19
10 altsyncram
81
14 addressstall_a
82
14 addressstall_b
44
25 wrcontrol_wraddress_reg_b
17
14 REG_ADDR_WIDTH
1
76 /home/ash/USU/Spring2026/ECE6740/Projects/Execute/simulation/questa/rtl_work
83
11 incrementer
]
[G
18
19
20
1
28
1
0
0
0
4 0
78
79
78
69
1
1
1 4 1 1
]
[G
18
19
20
1
47
1
0
0
0
4 0
78
79
78
69
1
1
1 4 1 1
]
[G
18
19
20
1
70
0
0
0
0
10 0
97
108
116
115
121
110
99
114
97
109
1
1
1 10 1 1
]
[G
1
85
3
1
10
1
0
10
0
0 0
0
0
]
[G
18
19
20
1
30
1
0
1
0
0 0
0
0
]
[G
1
16
3
1
4
1
0
32
0
0 0
0
0
]
[G
18
19
20
1
39
1
0
0
0
6 0
67
76
79
67
75
49
1
1
1 6 1 1
]
[G
1
8
3
1
4
1
0
32
0
0 0
0
0
]
[G
18
19
20
1
32
1
0
0
0
6 0
66
89
80
65
83
83
1
1
1 6 1 1
]
[G
18
19
20
1
52
1
0
0
0
6 0
78
79
82
77
65
76
1
1
1 6 1 1
]
[G
18
19
20
1
27
1
0
0
0
4 0
78
79
78
69
1
1
1 4 1 1
]
[G
18
19
20
1
46
1
0
0
0
4 0
78
79
78
69
1
1
1 4 1 1
]
[G
18
19
20
1
50
1
0
1
0
0 0
0
0
]
[G
18
19
20
1
26
1
0
0
0
4 0
78
79
78
69
1
1
1 4 1 1
]
[G
18
19
20
1
41
1
0
0
0
4 0
78
79
78
69
1
1
1 4 1 1
]
[G
1
5
3
1
4
1
0
32
0
0 0
0
0
]
[G
1
2
3
1
4
1
0
32
0
0 0
0
0
]
[G
1
13
14
1
4
1
0
32
0
0 0
0
0
]
[G
18
19
20
1
69
0
0
0
0
21 0
69
78
65
66
76
69
95
82
85
78
84
73
77
69
95
77
79
68
61
78
79
1
1
1 21 1 1
]
[G
18
19
20
1
59
0
0
0
0
0 0
0
0
]
[G
18
19
20
1
33
1
0
0
0
15 0
85
83
69
95
73
78
80
85
84
95
67
76
75
69
78
1
1
1 15 1 1
]
[G
18
19
20
1
53
1
0
0
0
15 0
85
83
69
95
73
78
80
85
84
95
67
76
75
69
78
1
1
1 15 1 1
]
[G
18
19
20
1
57
1
0
0
0
5 0
70
65
76
83
69
1
1
1 5 1 1
]
[G
18
19
20
1
29
1
0
0
0
4 0
78
79
78
69
1
1
1 4 1 1
]
[G
18
19
20
1
49
1
0
0
0
4 0
78
79
78
69
1
1
1 4 1 1
]
[G
18
19
20
1
38
0
0
0
0
6 0
67
76
79
67
75
49
1
1
1 6 1 1
]
[G
18
19
20
1
64
0
0
0
0
0 0
0
0
]
[G
18
19
20
1
42
1
0
0
0
4 0
78
79
78
69
1
1
1 4 1 1
]
[G
1
84
14
1
7
1
0
10
0
0 0
0
0
]
[G
18
19
20
1
62
0
0
0
0
87 0
47
104
111
109
101
47
97
115
104
47
85
83
85
47
83
112
114
105
110
103
50
48
50
54
47
69
67
69
54
55
52
48
47
80
114
111
106
101
99
116
115
47
68
76
88
95
65
115
115
101
109
98
108
101
114
47
97
115
115
101
109
98
108
121
47
105
110
115
116
114
117
99
116
95
102
97
99
116
111
114
105
97
108
46
109
105
102
1
1
1 87 1 1
]
[G
18
19
20
1
43
0
0
0
0
6 0
67
76
79
67
75
49
1
1
1 6 1 1
]
[G
18
19
20
1
65
1
0
0
0
6 0
77
65
88
32
49
48
1
1
1 6 1 1
]
[G
18
19
20
1
56
1
0
3
0
0 0
0
0
]
[G
18
19
20
1
45
0
0
0
0
6 0
67
76
79
67
75
49
1
1
1 6 1 1
]
[G
1
13
14
1
15
0
0
32
0
0 0
0
0
]
[G
1
11
3
1
12
1
0
16
0
0 0
0
0
]
[G
1
16
3
1
9
1
0
32
0
0 0
0
0
]
[G
1
16
3
1
17
1
0
5
0
0 0
0
0
]
[G
1
8
3
1
9
1
0
32
0
0 0
0
0
]
[G
18
19
20
1
21
1
0
32
0
0 0
0
0
]
[G
18
19
20
1
35
1
0
1
0
0 0
0
0
]
[G
18
19
20
1
67
0
0
0
0
3 0
79
70
70
1
1
1 3 1 1
]
[G
18
19
20
1
61
1
0
0
0
4 0
65
85
84
79
1
1
1 4 1 1
]
[G
18
19
20
1
31
1
0
0
0
6 0
66
89
80
65
83
83
1
1
1 6 1 1
]
[G
18
19
20
1
51
1
0
0
0
6 0
78
79
82
77
65
76
1
1
1 6 1 1
]
[G
1
83
3
1
7
1
0
10
0
0 0
0
0
]
[G
18
19
20
1
55
0
0
0
0
5 0
70
65
76
83
69
1
1
1 5 1 1
]
[G
1
11
3
1
4
1
0
32
0
0 0
0
0
]
[G
18
19
20
1
23
0
0
1024
0
0 0
0
0
]
[G
18
19
20
1
37
0
0
0
0
0 0
0
0
]
[G
18
19
20
1
34
0
0
0
0
20 0
78
69
87
95
68
65
84
65
95
78
79
95
78
66
69
95
82
69
65
68
1
1
1 20 1 1
]
[G
18
19
20
1
54
0
0
0
0
20 0
78
69
87
95
68
65
84
65
95
78
79
95
78
66
69
95
82
69
65
68
1
1
1 20 1 1
]
[G
18
19
20
1
22
1
0
10
0
0 0
0
0
]
[G
18
19
20
1
36
1
0
1
0
0 0
0
0
]
[G
18
19
20
1
58
1
0
0
0
3 0
82
79
77
1
1
1 3 1 1
]
[G
1
16
3
1
10
1
0
10
0
0 0
0
0
]
[G
1
8
3
1
10
1
0
10
0
0 0
0
0
]
[G
18
19
20
1
68
0
0
0
0
3 0
79
70
70
1
1
1 3 1 1
]
[G
18
19
20
1
60
1
0
0
0
9 0
68
79
78
84
95
67
65
82
69
1
1
1 9 1 1
]
[G
18
19
20
1
25
1
0
0
0
4 0
78
79
78
69
1
1
1 4 1 1
]
[G
18
19
20
1
48
1
0
0
0
4 0
78
79
78
69
1
1
1 4 1 1
]
[G
1
13
14
1
10
1
0
5
0
0 0
0
0
]
[G
18
19
20
1
44
0
0
0
0
6 0
67
76
79
67
75
49
1
1
1 6 1 1
]
[G
18
19
20
1
66
0
0
0
0
5 0
70
65
76
83
69
1
1
1 5 1 1
]
[G
1
6
3
1
7
1
0
10
0
0 0
0
0
]
[G
1
6
3
2
7
1
0
32
0
0 0
0
0
]
[G
18
19
20
1
24
1
0
0
0
12 0
85
78
82
69
71
73
83
84
69
82
69
68
1
1
1 12 1 1
]
[G
18
19
20
1
40
1
0
0
0
12 0
85
78
82
69
71
73
83
84
69
82
69
68
1
1
1 12 1 1
]
[G
1
85
3
1
9
1
0
32
0
0 0
0
0
]
[G
18
19
20
1
63
0
0
0
0
6 0
85
78
85
83
69
68
1
1
1 6 1 1
]
[P
18
19
20
81
72
1
0
0
]
[P
18
19
20
82
72
1
0
0
]
[P
18
19
20
75
74
1
0
0
]
[P
18
19
20
76
74
1
0
0
]
[P
18
19
20
77
74
1
0
0
]
[P
18
19
20
78
74
1
0
0
]
[P
18
19
20
73
74
1
0
0
]
[P
18
19
20
71
72
1
0
0
]
[P
18
19
20
79
72
1
0
0
]
[P
18
19
20
80
72
1
0
0
]
